589492.5	1584427.5	589867.5	1584292.5
590257.5	1584517.5	590377.5	1584067.5
589987.5	1584607.5	590032.5	1584292.5
590842.5	1584892.5	590572.5	1584262.5
589912.5	1584907.5	590047.5	1584397.5
590212.5	1584952.5	590392.5	1584667.5
591217.5	1585057.5	590947.5	1584637.5
590737.5	1585072.5	590692.5	1584502.5
590707.5	1585117.5	590632.5	1584577.5
590152.5	1585192.5	589732.5	1584502.5
591247.5	1585492.5	591232.5	1585192.5
589162.5	1585312.5	589237.5	1585537.5	589297.5	1585657.5	589537.5	1586107.5
590002.5	1585627.5	589837.5	1585252.5
590377.5	1585642.5	590272.5	1585357.5
590047.5	1585642.5	590017.5	1585222.5
590677.5	1585657.5	590617.5	1585117.5
589792.5	1585672.5	589837.5	1585357.5
590827.5	1585687.5	591037.5	1585072.5
590257.5	1585207.5	590452.5	1585717.5	590512.5	1585822.5	590632.5	1586047.5
591307.5	1585807.5	591187.5	1585372.5
589912.5	1585927.5	589882.5	1585372.5
589132.5	1585942.5	588967.5	1585522.5
590977.5	1586017.5	591082.5	1585582.5
591532.5	1586062.5	591622.5	1585492.5
590197.5	1585957.5	590227.5	1586107.5	590257.5	1586212.5	590287.5	1586317.5
590767.5	1586137.5	590842.5	1585807.5
589837.5	1586182.5	590332.5	1585897.5
591637.5	1586227.5	591787.5	1585957.5
590692.5	1586227.5	590647.5	1585837.5
589357.5	1586257.5	589102.5	1585777.5
589867.5	1586302.5	590197.5	1586137.5
590152.5	1586317.5	590407.5	1586152.5
589837.5	1586347.5	589852.5	1585957.5
591232.5	1586362.5	591262.5	1586062.5
589717.5	1586362.5	589687.5	1586062.5
589792.5	1586377.5	589702.5	1586002.5
590497.5	1586452.5	590542.5	1585837.5
590392.5	1586332.5	590452.5	1586512.5	590527.5	1586632.5	590602.5	1586797.5	590617.5	1586872.5	590647.5	1587037.5
589657.5	1586392.5	589642.5	1586527.5	589627.5	1586632.5	589597.5	1586752.5
591472.5	1586512.5	591412.5	1586602.5	591337.5	1586722.5	591217.5	1586917.5
590977.5	1586617.5	590842.5	1586317.5
590212.5	1586692.5	590122.5	1586377.5
589567.5	1586692.5	589267.5	1586272.5
591367.5	1586707.5	591367.5	1586257.5
590422.5	1586737.5	590317.5	1586302.5
589432.5	1586647.5	589462.5	1586782.5	589477.5	1586887.5	589522.5	1587247.5
592897.5	1586812.5	592762.5	1586347.5
590227.5	1586662.5	590212.5	1586812.5	590197.5	1586947.5	590137.5	1587307.5
591832.5	1586827.5	591922.5	1586422.5
592567.5	1586872.5	592657.5	1586332.5
590242.5	1586587.5	590362.5	1586872.5	590377.5	1586902.5	590437.5	1587037.5
589222.5	1586887.5	589372.5	1586527.5
589102.5	1586932.5	589297.5	1586617.5
590842.5	1586947.5	590962.5	1586662.5
591832.5	1586977.5	591637.5	1586272.5
591112.5	1586977.5	591097.5	1586587.5
593032.5	1586992.5	593242.5	1586632.5
590437.5	1586992.5	590527.5	1586587.5
590692.5	1587007.5	590692.5	1586497.5
591967.5	1587172.5	591967.5	1586857.5
592912.5	1586872.5	592747.5	1587187.5	592702.5	1587292.5	592672.5	1587412.5
591997.5	1587217.5	591862.5	1586947.5
591352.5	1587232.5	591352.5	1586872.5
589822.5	1587232.5	589837.5	1586662.5
589732.5	1587292.5	589612.5	1587007.5
588877.5	1587172.5	588922.5	1587292.5	588997.5	1587397.5	589072.5	1587562.5
590077.5	1586947.5	590182.5	1587307.5	590227.5	1587412.5	590347.5	1587772.5
591157.5	1587382.5	591022.5	1586917.5
589447.5	1587397.5	589267.5	1587157.5
590047.5	1587442.5	590002.5	1586497.5
589612.5	1587457.5	589537.5	1587067.5
592327.5	1587487.5	592342.5	1587142.5
590107.5	1587202.5	590077.5	1587487.5	590077.5	1587532.5	590047.5	1587652.5
589657.5	1587517.5	589612.5	1587217.5
590812.5	1587532.5	590587.5	1587097.5
593347.5	1587547.5	593092.5	1587037.5
590992.5	1587547.5	590947.5	1587112.5
589927.5	1587172.5	589987.5	1587562.5	590032.5	1587682.5	590197.5	1588237.5
589207.5	1587562.5	589042.5	1587247.5
591742.5	1587592.5	591682.5	1587277.5
591847.5	1587652.5	591697.5	1587232.5
591112.5	1587532.5	591127.5	1587652.5	591142.5	1587787.5	591217.5	1588552.5	591232.5	1588672.5	591277.5	1588792.5
588487.5	1587562.5	588517.5	1587682.5	588547.5	1587787.5	588592.5	1588057.5
588367.5	1587682.5	588547.5	1587262.5
593437.5	1587742.5	593512.5	1587307.5
591052.5	1587742.5	591022.5	1587052.5
588997.5	1587742.5	588742.5	1587277.5
590512.5	1587772.5	590392.5	1587412.5
589087.5	1587787.5	589132.5	1587472.5
590707.5	1587847.5	590632.5	1587457.5
588757.5	1587757.5	588847.5	1587877.5	588892.5	1587922.5	588982.5	1588072.5
588667.5	1587877.5	588547.5	1587592.5
592867.5	1587892.5	592822.5	1587592.5
590467.5	1587907.5	590437.5	1587322.5
590857.5	1587937.5	590677.5	1587592.5
589942.5	1587667.5	589987.5	1587937.5	589987.5	1588042.5	590002.5	1588762.5
590167.5	1587997.5	590257.5	1587697.5
588547.5	1588012.5	588442.5	1587712.5
591967.5	1588087.5	591922.5	1587697.5
590752.5	1588087.5	590707.5	1587742.5
590362.5	1588102.5	590362.5	1587607.5
592027.5	1588117.5	592027.5	1587712.5
593677.5	1588147.5	593482.5	1587637.5
589432.5	1588147.5	589357.5	1587592.5
588892.5	1588147.5	588772.5	1587862.5
588622.5	1588147.5	588427.5	1587787.5
593722.5	1588162.5	593827.5	1587832.5
593437.5	1588177.5	593452.5	1587817.5
589252.5	1588177.5	589132.5	1587847.5
591832.5	1588192.5	591892.5	1587667.5
590302.5	1588207.5	590302.5	1587877.5
591712.5	1588222.5	591682.5	1587877.5
589267.5	1588252.5	589282.5	1587802.5
589177.5	1588267.5	589102.5	1587907.5
592732.5	1588297.5	592717.5	1587907.5
592207.5	1588297.5	592057.5	1587952.5
591547.5	1588147.5	591562.5	1588297.5	591562.5	1588387.5	591562.5	1588492.5
591127.5	1588327.5	591022.5	1587892.5
589132.5	1588342.5	589027.5	1587997.5
590917.5	1588402.5	591067.5	1588042.5
591412.5	1588447.5	591427.5	1588087.5
589957.5	1588477.5	589957.5	1588087.5
590437.5	1588492.5	590527.5	1588117.5
592312.5	1588537.5	591952.5	1588372.5
589777.5	1588582.5	589717.5	1588252.5
590287.5	1588597.5	590617.5	1588582.5
588967.5	1588627.5	588757.5	1588402.5
590182.5	1588657.5	590002.5	1587967.5
593662.5	1588687.5	593542.5	1588207.5
588787.5	1588687.5	588667.5	1588372.5
594157.5	1588717.5	594217.5	1588267.5
593977.5	1588747.5	593992.5	1588387.5
591157.5	1588747.5	591127.5	1588222.5
589987.5	1588837.5	589852.5	1588252.5
591577.5	1588867.5	591592.5	1588567.5
593452.5	1588882.5	593377.5	1588582.5
592132.5	1588912.5	592102.5	1588507.5
591337.5	1588912.5	591382.5	1588462.5
589912.5	1588912.5	589822.5	1588537.5
591652.5	1588942.5	591802.5	1588642.5
591187.5	1588942.5	591247.5	1588417.5
593062.5	1588957.5	593122.5	1588582.5
589507.5	1589017.5	589387.5	1588687.5
592912.5	1589032.5	592957.5	1588732.5
590767.5	1589032.5	590887.5	1588747.5
592327.5	1589047.5	592297.5	1588732.5
591742.5	1589092.5	591757.5	1588777.5
588952.5	1589107.5	589042.5	1588687.5
592717.5	1589122.5	592837.5	1588792.5
589387.5	1589122.5	589027.5	1588852.5
591832.5	1589137.5	591832.5	1588822.5
590047.5	1588897.5	590332.5	1589137.5	590422.5	1589182.5	590512.5	1589227.5
592312.5	1589152.5	592252.5	1588552.5
593992.5	1589197.5	593947.5	1588837.5
590437.5	1589287.5	590197.5	1588942.5
592552.5	1589302.5	592507.5	1588957.5
591007.5	1589302.5	591187.5	1589047.5
592252.5	1589317.5	592117.5	1589047.5
590722.5	1589347.5	590617.5	1588852.5
590077.5	1588747.5	590077.5	1589362.5	590077.5	1589407.5	590137.5	1589692.5
589717.5	1589377.5	589402.5	1588582.5
594322.5	1589392.5	594232.5	1588792.5
590947.5	1589452.5	590767.5	1589107.5
593257.5	1589467.5	593137.5	1588837.5
592552.5	1589467.5	592477.5	1588027.5
591367.5	1589137.5	591577.5	1589467.5	591607.5	1589527.5	591682.5	1589737.5
593542.5	1589512.5	593707.5	1589152.5
589237.5	1589542.5	588892.5	1589392.5
592762.5	1589632.5	592612.5	1588807.5
593767.5	1589647.5	593842.5	1589302.5
590812.5	1589467.5	590887.5	1589707.5	590917.5	1589782.5	590977.5	1589962.5
590167.5	1589707.5	589702.5	1588867.5
593032.5	1589707.5	593017.5	1589797.5	592987.5	1589887.5	592972.5	1590112.5
593587.5	1589812.5	593647.5	1589482.5
589057.5	1589707.5	589117.5	1589812.5	589147.5	1589902.5	589222.5	1590067.5
589372.5	1589842.5	589387.5	1589377.5
591457.5	1589857.5	591517.5	1589362.5
589897.5	1589707.5	589942.5	1589872.5	589987.5	1589992.5	590017.5	1590202.5
589477.5	1589872.5	589327.5	1589152.5
589522.5	1589887.5	589507.5	1589467.5
593632.5	1589632.5	593572.5	1589917.5	593557.5	1589977.5	593542.5	1590202.5
590422.5	1589917.5	590332.5	1589377.5
590272.5	1589977.5	590212.5	1589677.5
592987.5	1589992.5	592987.5	1589632.5
590632.5	1589992.5	590332.5	1589542.5
590917.5	1590037.5	591157.5	1589557.5
593977.5	1589887.5	594022.5	1590052.5	594067.5	1590172.5	594157.5	1590352.5
592357.5	1590067.5	592282.5	1589662.5
593977.5	1590097.5	593707.5	1589707.5
594202.5	1590172.5	594022.5	1589902.5
592807.5	1590232.5	592582.5	1589977.5
590617.5	1590037.5	590677.5	1590232.5	590692.5	1590277.5	590737.5	1590427.5
591517.5	1590397.5	591397.5	1589497.5
590272.5	1590397.5	590212.5	1589587.5
592297.5	1590427.5	592222.5	1590022.5
591352.5	1590292.5	591427.5	1590442.5	591487.5	1590562.5	591682.5	1591072.5
593377.5	1590457.5	593302.5	1590157.5
593707.5	1590502.5	593992.5	1590172.5
592777.5	1590412.5	592792.5	1590577.5	592807.5	1590682.5	592822.5	1591087.5
592042.5	1590577.5	591862.5	1590202.5
593047.5	1590592.5	593512.5	1590367.5
590632.5	1590592.5	590602.5	1590202.5
592207.5	1590622.5	592432.5	1590397.5
590827.5	1590682.5	590767.5	1590337.5
591622.5	1590697.5	591517.5	1590292.5
591247.5	1590712.5	591037.5	1590232.5
591232.5	1590757.5	590992.5	1590337.5
594157.5	1590847.5	593902.5	1590382.5
594187.5	1590892.5	594142.5	1590277.5
593752.5	1590892.5	593917.5	1590637.5
590767.5	1590937.5	590737.5	1590577.5
591997.5	1590967.5	592057.5	1590652.5
591547.5	1590982.5	591472.5	1590682.5
590662.5	1591042.5	590452.5	1590817.5
592897.5	1591087.5	592882.5	1590787.5
590722.5	1591102.5	590602.5	1590727.5
593917.5	1591162.5	593782.5	1590862.5
590092.5	1591237.5	590122.5	1590907.5
592027.5	1591252.5	591787.5	1590412.5
590722.5	1591282.5	590407.5	1590832.5
591622.5	1591417.5	591457.5	1591027.5
591127.5	1591417.5	590902.5	1590772.5
591127.5	1591477.5	591052.5	1591027.5
592507.5	1591507.5	592567.5	1591162.5
590452.5	1591567.5	590362.5	1591267.5
592012.5	1591597.5	592177.5	1591342.5
591862.5	1591627.5	591757.5	1591312.5
592297.5	1591672.5	592237.5	1591372.5
591532.5	1591687.5	591487.5	1591327.5
590587.5	1591687.5	590857.5	1591057.5
590767.5	1591702.5	590737.5	1591387.5
590557.5	1591732.5	590557.5	1591342.5
590107.5	1591732.5	590077.5	1591297.5
590017.5	1591747.5	590047.5	1591282.5
592597.5	1591792.5	592702.5	1590787.5
590107.5	1591807.5	590047.5	1591357.5
592327.5	1591867.5	592147.5	1591312.5
592357.5	1591912.5	592417.5	1591507.5
590557.5	1591927.5	590692.5	1591612.5
591712.5	1591882.5	591697.5	1591972.5	591667.5	1592107.5	591622.5	1592242.5
592897.5	1592032.5	592747.5	1591732.5
592387.5	1592077.5	592477.5	1591732.5
591397.5	1592092.5	591352.5	1591717.5
592927.5	1591717.5	592837.5	1592107.5	592837.5	1592197.5	592822.5	1592302.5
590587.5	1592107.5	590362.5	1591687.5
590437.5	1592122.5	590317.5	1591717.5
592222.5	1592152.5	591742.5	1592107.5
591022.5	1592212.5	590977.5	1591912.5
590107.5	1592242.5	590257.5	1591567.5
589987.5	1592272.5	590122.5	1591987.5
593077.5	1592362.5	593047.5	1591777.5
592612.5	1592452.5	592462.5	1591837.5
590887.5	1592467.5	590887.5	1591867.5
590737.5	1592512.5	590782.5	1592047.5
591232.5	1592557.5	591142.5	1592092.5
591247.5	1592602.5	591007.5	1592317.5
590602.5	1592662.5	590782.5	1591987.5
592582.5	1592767.5	592462.5	1591897.5
591772.5	1592887.5	591562.5	1592242.5
591397.5	1592902.5	591277.5	1592617.5
590362.5	1592902.5	590302.5	1592482.5
590317.5	1592902.5	590257.5	1592482.5
591877.5	1593022.5	592162.5	1592902.5
592312.5	1593052.5	592342.5	1592662.5
591937.5	1593052.5	591802.5	1592467.5
591277.5	1592872.5	591232.5	1593112.5	591202.5	1593217.5	591187.5	1593337.5
591232.5	1592782.5	591142.5	1593142.5	591112.5	1593262.5	591067.5	1593442.5
591307.5	1593217.5	591307.5	1592602.5
590617.5	1593232.5	590407.5	1592857.5
590152.5	1593247.5	590077.5	1592842.5
591022.5	1593412.5	590932.5	1592857.5
589492.5	1594012.5	589552.5	1593682.5
590467.5	1594192.5	590407.5	1594312.5	590377.5	1594387.5	590317.5	1594477.5
591067.5	1594342.5	590947.5	1593847.5
590092.5	1594402.5	590077.5	1594102.5
589522.5	1594327.5	589642.5	1594477.5	589717.5	1594582.5	590062.5	1595332.5
590947.5	1594627.5	590947.5	1594162.5
591442.5	1594702.5	591457.5	1594162.5
591202.5	1594447.5	591232.5	1594702.5	591217.5	1594807.5	591157.5	1595272.5
590887.5	1594702.5	590722.5	1594237.5
590212.5	1594702.5	590197.5	1594192.5
590797.5	1594762.5	590557.5	1594282.5
590602.5	1594792.5	590632.5	1594222.5
591172.5	1594807.5	591082.5	1594492.5
589957.5	1594822.5	589837.5	1594357.5
591487.5	1594747.5	591502.5	1594837.5	591517.5	1594957.5	591622.5	1595527.5
590332.5	1594867.5	590197.5	1594147.5
592267.5	1594927.5	592282.5	1595047.5	592312.5	1595152.5	592327.5	1595452.5
591592.5	1595137.5	591487.5	1594702.5
591067.5	1595167.5	591067.5	1594702.5
591622.5	1595002.5	591577.5	1595302.5	591562.5	1595437.5	591517.5	1595572.5
589882.5	1595017.5	589747.5	1595302.5	589732.5	1595332.5	589582.5	1595722.5
589987.5	1595347.5	589927.5	1594957.5
592072.5	1595452.5	591877.5	1595062.5
590197.5	1595512.5	590107.5	1595137.5
590107.5	1595212.5	590182.5	1595557.5	590197.5	1595587.5	590242.5	1595797.5	590287.5	1595902.5	590392.5	1596232.5
589717.5	1595692.5	589807.5	1595317.5
590872.5	1595722.5	590872.5	1595272.5
591877.5	1595752.5	591817.5	1595137.5
590332.5	1595767.5	590017.5	1595752.5
591067.5	1596022.5	591172.5	1595632.5
591457.5	1596127.5	591157.5	1595872.5
591952.5	1596157.5	591907.5	1595752.5
591787.5	1596157.5	591787.5	1595587.5
592087.5	1596262.5	592057.5	1595707.5
592447.5	1596292.5	592462.5	1595902.5
591832.5	1596292.5	591667.5	1595947.5
592342.5	1596322.5	592357.5	1596007.5
590047.5	1595842.5	589972.5	1596322.5	589942.5	1596457.5	589867.5	1596667.5
592072.5	1596352.5	592177.5	1595947.5
591832.5	1596172.5	591937.5	1596352.5	591967.5	1596382.5	592222.5	1596817.5
590617.5	1596412.5	590422.5	1596127.5
591247.5	1596427.5	591187.5	1596127.5
592462.5	1596442.5	592372.5	1595752.5
590857.5	1596457.5	590827.5	1596052.5
592582.5	1596532.5	592747.5	1596262.5
590752.5	1596562.5	590707.5	1595992.5
590482.5	1596202.5	590542.5	1596562.5	590557.5	1596682.5	590602.5	1596832.5
592567.5	1596592.5	592747.5	1596187.5
592342.5	1596592.5	592267.5	1596277.5
591712.5	1596667.5	591532.5	1596022.5
590812.5	1596667.5	590827.5	1596097.5
591937.5	1596727.5	591652.5	1595902.5
592207.5	1596742.5	591892.5	1595962.5
591262.5	1596772.5	591127.5	1596337.5
591577.5	1596832.5	591637.5	1596472.5
590332.5	1596832.5	590137.5	1596502.5
590422.5	1596892.5	590257.5	1596397.5
590317.5	1596682.5	590362.5	1596892.5	590377.5	1596952.5	590422.5	1597102.5
591052.5	1596952.5	591022.5	1596517.5
590812.5	1596952.5	590917.5	1596667.5
590242.5	1596967.5	590107.5	1596532.5
590677.5	1597027.5	590827.5	1596712.5
590437.5	1597177.5	590257.5	1596937.5
589747.5	1597222.5	589942.5	1596292.5
590317.5	1597177.5	590197.5	1597462.5	590182.5	1597492.5	590092.5	1597882.5
590557.5	1597477.5	590572.5	1597132.5
589747.5	1597702.5	589852.5	1597177.5
589882.5	1597627.5	589897.5	1597732.5	589927.5	1597807.5	589957.5	1598017.5
591097.5	1597762.5	590932.5	1597432.5
589597.5	1597882.5	589657.5	1597252.5
591097.5	1598107.5	591007.5	1597732.5
590902.5	1598272.5	590767.5	1597927.5
589747.5	1598422.5	589627.5	1598047.5
591157.5	1598212.5	591082.5	1598572.5	591082.5	1598692.5	591067.5	1598797.5
590137.5	1598572.5	590392.5	1598317.5
590137.5	1598617.5	590197.5	1598257.5
589762.5	1598617.5	589687.5	1597957.5
589897.5	1598677.5	589957.5	1598212.5
590182.5	1598767.5	590212.5	1598452.5
590482.5	1598632.5	590482.5	1598797.5	590482.5	1598902.5	590437.5	1599112.5
589537.5	1598887.5	589657.5	1598452.5
589537.5	1598932.5	589642.5	1598587.5
591082.5	1598947.5	591007.5	1598437.5
590302.5	1598947.5	590512.5	1598482.5
589552.5	1599142.5	589657.5	1598797.5
591232.5	1599232.5	591112.5	1598812.5
590842.5	1598947.5	590797.5	1599277.5	590797.5	1599397.5	590662.5	1599937.5
591127.5	1598947.5	591127.5	1599367.5	591112.5	1599502.5	591082.5	1599712.5
589642.5	1599412.5	589732.5	1598917.5
589432.5	1599517.5	589507.5	1598767.5
590647.5	1599562.5	590707.5	1599037.5
592282.5	1599622.5	592462.5	1599262.5
590542.5	1599622.5	590662.5	1599037.5
590437.5	1599622.5	590347.5	1599217.5
590872.5	1599652.5	591067.5	1599292.5
591262.5	1599667.5	591427.5	1599292.5
592807.5	1599682.5	592627.5	1599382.5
592237.5	1599637.5	592252.5	1599742.5	592252.5	1599787.5	592297.5	1600177.5
591592.5	1599757.5	591532.5	1599382.5
590902.5	1599787.5	591187.5	1599352.5
590587.5	1599637.5	590557.5	1599847.5	590542.5	1599982.5	590482.5	1600327.5
591322.5	1599712.5	591322.5	1599877.5	591322.5	1599967.5	591457.5	1600522.5
590227.5	1599892.5	590257.5	1599577.5
592672.5	1599952.5	592537.5	1599427.5
591502.5	1600087.5	591442.5	1599772.5
591877.5	1600147.5	591892.5	1599772.5
591487.5	1600147.5	591352.5	1599802.5
591997.5	1600237.5	591982.5	1599637.5
589942.5	1600282.5	589807.5	1600012.5
591712.5	1600162.5	591652.5	1600342.5	591607.5	1600432.5	591562.5	1600537.5	591502.5	1600627.5	591442.5	1600777.5
591232.5	1600387.5	591427.5	1599577.5
592237.5	1600402.5	592147.5	1599772.5
590257.5	1600447.5	590092.5	1600117.5
591772.5	1600462.5	591742.5	1599622.5
590752.5	1600597.5	590932.5	1600252.5
591337.5	1600612.5	591262.5	1600282.5
590197.5	1600612.5	590017.5	1600192.5
590062.5	1600627.5	590017.5	1600297.5
590602.5	1600747.5	590572.5	1600372.5
590647.5	1600822.5	590737.5	1600342.5
589732.5	1600837.5	589612.5	1600537.5
591412.5	1600852.5	591172.5	1600672.5
590947.5	1600867.5	590962.5	1600432.5
590707.5	1600957.5	590827.5	1600642.5
591007.5	1600972.5	591007.5	1600417.5
589822.5	1600972.5	589792.5	1600537.5
591427.5	1601062.5	591622.5	1600687.5
589582.5	1601242.5	589552.5	1600762.5
590467.5	1601407.5	590347.5	1600867.5
590542.5	1601422.5	590677.5	1601137.5
590122.5	1601422.5	589897.5	1600942.5
589732.5	1601467.5	589582.5	1600957.5
591652.5	1601482.5	591532.5	1600897.5
591232.5	1601482.5	591517.5	1601137.5
589942.5	1601482.5	589762.5	1600987.5
591157.5	1601497.5	591142.5	1601122.5
590932.5	1601512.5	590917.5	1601137.5
590212.5	1601572.5	590212.5	1601122.5
589777.5	1601677.5	589672.5	1600942.5
590422.5	1601722.5	590422.5	1601407.5
590347.5	1601782.5	590362.5	1601377.5
591007.5	1601872.5	591007.5	1601527.5
589912.5	1601872.5	590092.5	1601602.5
590572.5	1601887.5	590452.5	1601482.5
589792.5	1601992.5	589582.5	1601722.5
591277.5	1602037.5	591307.5	1602232.5	591337.5	1602322.5	591487.5	1603012.5
589717.5	1602262.5	589897.5	1601632.5
589402.5	1602457.5	589447.5	1601707.5
590692.5	1602532.5	590527.5	1602172.5
591532.5	1602547.5	591307.5	1602307.5
590977.5	1602547.5	590962.5	1602232.5
590197.5	1602547.5	590062.5	1602202.5
590962.5	1602577.5	590932.5	1602007.5
591202.5	1602667.5	591127.5	1602127.5
589987.5	1602352.5	590002.5	1602802.5	589987.5	1602907.5	589972.5	1603012.5
590857.5	1602847.5	590812.5	1602532.5
589237.5	1602847.5	589117.5	1602532.5
591232.5	1602862.5	591277.5	1602562.5
590962.5	1602862.5	590827.5	1602382.5
590452.5	1602862.5	590422.5	1602502.5
589612.5	1602862.5	589417.5	1602382.5
590392.5	1602877.5	590362.5	1602457.5
589552.5	1602982.5	589627.5	1602397.5
589507.5	1602997.5	589477.5	1602622.5
591382.5	1603162.5	591382.5	1602622.5
589942.5	1603162.5	590032.5	1602667.5
589087.5	1603237.5	588772.5	1603192.5
590182.5	1603237.5	590122.5	1603372.5	590077.5	1603492.5	590017.5	1603762.5
588397.5	1603267.5	588367.5	1603387.5	588367.5	1603507.5	588322.5	1604857.5
591142.5	1603447.5	591292.5	1603012.5
589882.5	1603507.5	589987.5	1603042.5
588382.5	1603477.5	588337.5	1603567.5	588277.5	1603702.5	588097.5	1604242.5
590287.5	1603597.5	590377.5	1603177.5
589147.5	1603612.5	589522.5	1603477.5
591337.5	1603642.5	591277.5	1603042.5
588592.5	1603717.5	588742.5	1603357.5
590377.5	1603732.5	590407.5	1603132.5
589747.5	1603792.5	589762.5	1603387.5
589717.5	1603822.5	589777.5	1603357.5
588502.5	1603837.5	588427.5	1603282.5
589132.5	1603942.5	589027.5	1603567.5
589087.5	1603942.5	588997.5	1603582.5
589462.5	1604032.5	589417.5	1603672.5
588817.5	1604077.5	588862.5	1603687.5
589852.5	1604092.5	589852.5	1603702.5
589357.5	1604107.5	589267.5	1603777.5
589417.5	1604122.5	589192.5	1603642.5
588877.5	1604092.5	588877.5	1604197.5	588862.5	1604332.5	588832.5	1604452.5
588277.5	1604242.5	588442.5	1603867.5
590992.5	1604332.5	591022.5	1603837.5
588907.5	1604332.5	588667.5	1603822.5
588562.5	1604347.5	588652.5	1603987.5
588232.5	1604392.5	588292.5	1604002.5
590887.5	1604452.5	590557.5	1604002.5
589942.5	1604467.5	590197.5	1604032.5
588082.5	1604497.5	587887.5	1603972.5
590692.5	1604332.5	590692.5	1604542.5	590692.5	1604647.5	590647.5	1604977.5
589057.5	1604542.5	589222.5	1604152.5
587692.5	1604587.5	587617.5	1604167.5
590482.5	1604602.5	590587.5	1604122.5
588697.5	1604707.5	588682.5	1604197.5
587212.5	1604737.5	587362.5	1604227.5
590137.5	1604602.5	590152.5	1604752.5	590167.5	1604842.5	590272.5	1605157.5
590347.5	1604527.5	590362.5	1604767.5	590377.5	1604812.5	590422.5	1604962.5
588472.5	1604797.5	588442.5	1604332.5
587332.5	1604617.5	587272.5	1604842.5	587242.5	1604902.5	587182.5	1605007.5	587137.5	1605097.5	587107.5	1605187.5
591172.5	1604857.5	591157.5	1604437.5
590962.5	1604857.5	590782.5	1604392.5
590842.5	1604872.5	590767.5	1604512.5
588397.5	1604902.5	588217.5	1604437.5
587677.5	1604902.5	587662.5	1604272.5
587182.5	1604902.5	587407.5	1604182.5
587767.5	1604287.5	587752.5	1604917.5	587752.5	1604992.5	587752.5	1605097.5
590617.5	1604932.5	590647.5	1604542.5
589642.5	1604932.5	589642.5	1604512.5
587677.5	1604947.5	587932.5	1604692.5
590467.5	1604962.5	590587.5	1604362.5
589957.5	1604962.5	589987.5	1604557.5
589492.5	1604977.5	589462.5	1604452.5
588262.5	1604872.5	588352.5	1605007.5	588427.5	1605082.5	588712.5	1605397.5
588022.5	1605022.5	588022.5	1604722.5
589507.5	1605052.5	589372.5	1604677.5
591307.5	1605097.5	591202.5	1604422.5
589117.5	1605127.5	588952.5	1604842.5
588787.5	1605142.5	588622.5	1604617.5
587572.5	1605157.5	587422.5	1604782.5
588652.5	1605142.5	588892.5	1605187.5	589012.5	1605217.5	589222.5	1605307.5
588967.5	1605247.5	588757.5	1604692.5
591082.5	1605277.5	590902.5	1605007.5
587872.5	1605187.5	587857.5	1605307.5	587857.5	1605382.5	587902.5	1606237.5
587392.5	1605322.5	587332.5	1604692.5
587677.5	1605247.5	587662.5	1605382.5	587647.5	1605427.5	587557.5	1605697.5
591097.5	1605412.5	591052.5	1605022.5
590857.5	1605517.5	590347.5	1605097.5
590632.5	1605562.5	590332.5	1605157.5
590857.5	1605592.5	591097.5	1605367.5
589552.5	1605607.5	589522.5	1605262.5
588037.5	1605607.5	587977.5	1605157.5
587647.5	1605607.5	587437.5	1604872.5
588367.5	1605652.5	588322.5	1605337.5
590857.5	1605787.5	590962.5	1605412.5
587422.5	1605802.5	587332.5	1605352.5
587197.5	1605817.5	586972.5	1605172.5
586972.5	1605817.5	587017.5	1605367.5
587977.5	1605832.5	587902.5	1605352.5
586972.5	1605862.5	587032.5	1605412.5
587122.5	1605967.5	587062.5	1605397.5
587212.5	1606027.5	587272.5	1605697.5
586762.5	1606192.5	586837.5	1605847.5
588247.5	1606327.5	588592.5	1606297.5
588202.5	1606402.5	588112.5	1606102.5
589792.5	1606567.5	589702.5	1606267.5
586912.5	1606627.5	586837.5	1606222.5
589927.5	1606672.5	589792.5	1606357.5
589087.5	1606717.5	588937.5	1606447.5
587212.5	1606732.5	586927.5	1606027.5
587137.5	1606732.5	587167.5	1606042.5
589447.5	1606762.5	589312.5	1606372.5
587527.5	1606762.5	587542.5	1606372.5
587467.5	1606702.5	587557.5	1606792.5	587617.5	1606837.5	587692.5	1606912.5
590227.5	1606882.5	590197.5	1606522.5
588832.5	1606897.5	588577.5	1606597.5
587437.5	1607017.5	587197.5	1605472.5
588742.5	1607047.5	588547.5	1606612.5
587392.5	1607047.5	587242.5	1606072.5
587107.5	1607047.5	586882.5	1606462.5
588367.5	1607092.5	588322.5	1606777.5
588787.5	1607107.5	588847.5	1606597.5
589972.5	1607122.5	590077.5	1606777.5
589642.5	1607152.5	589672.5	1606717.5
588727.5	1607197.5	589057.5	1606552.5
589282.5	1607212.5	589327.5	1606792.5
589357.5	1607227.5	589387.5	1606747.5
588067.5	1607302.5	588067.5	1606822.5
590302.5	1607362.5	590272.5	1606807.5
588457.5	1607182.5	588427.5	1607362.5	588412.5	1607437.5	588397.5	1607587.5
590182.5	1607377.5	590197.5	1607047.5
590212.5	1607407.5	590287.5	1607047.5
589522.5	1607407.5	589717.5	1607047.5
587782.5	1607407.5	587677.5	1607062.5
589492.5	1607437.5	589837.5	1607032.5
590452.5	1607467.5	590437.5	1606987.5
590422.5	1607467.5	590452.5	1607017.5
590197.5	1607467.5	590227.5	1606477.5
590047.5	1607512.5	590062.5	1606927.5
589342.5	1607512.5	589582.5	1607122.5
589762.5	1607557.5	589777.5	1607197.5
587287.5	1607617.5	587092.5	1606792.5
587047.5	1607632.5	587122.5	1607332.5
590782.5	1607227.5	590722.5	1607647.5	590692.5	1607752.5	590647.5	1607932.5
590662.5	1607647.5	590707.5	1607227.5
588157.5	1607647.5	588097.5	1607317.5
587722.5	1607647.5	587632.5	1607062.5
587902.5	1607722.5	587782.5	1606792.5
590047.5	1607617.5	590137.5	1607797.5	590167.5	1607872.5	590212.5	1608052.5
589252.5	1607797.5	589372.5	1607467.5
588652.5	1607842.5	588802.5	1607557.5
590227.5	1607887.5	590272.5	1607437.5
589057.5	1607902.5	589147.5	1607602.5
587917.5	1607917.5	587827.5	1607587.5
587482.5	1607947.5	587377.5	1607332.5
587212.5	1608052.5	587182.5	1607722.5
587482.5	1607602.5	587512.5	1608082.5	587527.5	1608172.5	587512.5	1608367.5
586897.5	1608097.5	586972.5	1607737.5
588892.5	1608142.5	588907.5	1607767.5
586897.5	1608142.5	586972.5	1607842.5
589657.5	1608202.5	589297.5	1607707.5
589687.5	1608217.5	589477.5	1607737.5
587782.5	1608112.5	587797.5	1608337.5	587812.5	1608427.5	587842.5	1608517.5
587782.5	1608382.5	587692.5	1607872.5
587077.5	1608412.5	587122.5	1608007.5
587497.5	1608427.5	587527.5	1608127.5
588817.5	1608487.5	588712.5	1608112.5
588712.5	1608532.5	588742.5	1608172.5
590917.5	1608547.5	590827.5	1608097.5
590872.5	1608562.5	590842.5	1608232.5
589297.5	1608652.5	589297.5	1608172.5
587527.5	1608712.5	587272.5	1608247.5
587347.5	1608772.5	587362.5	1608472.5
588772.5	1608802.5	588997.5	1608457.5
588277.5	1608907.5	588262.5	1608487.5
587227.5	1608922.5	586822.5	1607947.5
587587.5	1608997.5	587422.5	1608697.5
587992.5	1609102.5	587947.5	1608217.5
587737.5	1609147.5	587647.5	1608727.5
588907.5	1609177.5	588892.5	1608787.5
588352.5	1609192.5	588157.5	1608562.5
587812.5	1609192.5	587677.5	1608712.5
588817.5	1609252.5	588712.5	1608862.5
590797.5	1609132.5	590872.5	1609327.5	590902.5	1609447.5	590917.5	1609552.5
588592.5	1609387.5	588577.5	1609012.5
588952.5	1609462.5	588907.5	1609087.5
588202.5	1609447.5	588292.5	1609492.5	588397.5	1609567.5	588652.5	1609777.5
588517.5	1609492.5	588667.5	1609537.5	588727.5	1609552.5	588967.5	1609657.5
589642.5	1609642.5	589837.5	1609387.5
587647.5	1609642.5	587602.5	1609342.5
590857.5	1609522.5	590827.5	1609687.5	590827.5	1609822.5	590812.5	1610062.5
588367.5	1609702.5	588457.5	1609372.5
589027.5	1609777.5	589102.5	1609417.5
587692.5	1609792.5	587632.5	1609342.5
589267.5	1609852.5	589447.5	1609417.5
591067.5	1609897.5	590962.5	1609357.5
588097.5	1609822.5	588112.5	1609942.5	588112.5	1610002.5	588112.5	1610257.5
589897.5	1609972.5	589792.5	1609507.5
590092.5	1610032.5	590062.5	1609657.5
587977.5	1610032.5	587887.5	1609537.5
590062.5	1609912.5	590032.5	1610047.5	590032.5	1610122.5	590032.5	1610332.5
587902.5	1610047.5	587767.5	1609687.5
590932.5	1610092.5	590917.5	1609732.5
589087.5	1610092.5	588967.5	1609777.5
588667.5	1610212.5	588442.5	1609672.5
589927.5	1610272.5	589777.5	1609897.5
590572.5	1610287.5	590452.5	1609972.5
587947.5	1610377.5	587227.5	1608967.5
589522.5	1610587.5	589417.5	1610302.5
589432.5	1610602.5	589462.5	1610302.5
590137.5	1610662.5	590287.5	1610287.5
588382.5	1610662.5	588127.5	1610077.5
589027.5	1610707.5	588802.5	1610482.5
589957.5	1610737.5	589852.5	1610407.5
588262.5	1610662.5	588307.5	1610752.5	588382.5	1610857.5	588502.5	1611037.5
587992.5	1610752.5	587932.5	1610437.5
588187.5	1610782.5	587977.5	1610392.5
589687.5	1610797.5	590002.5	1610677.5
588502.5	1610797.5	588112.5	1610302.5
589552.5	1610902.5	589702.5	1610632.5
590737.5	1610917.5	591022.5	1610467.5
588292.5	1610917.5	588172.5	1610542.5
590572.5	1610827.5	590542.5	1610977.5	590542.5	1611037.5	590512.5	1611187.5
590137.5	1611067.5	590212.5	1610587.5
588142.5	1611127.5	588217.5	1610797.5
590002.5	1611172.5	589942.5	1610797.5
590422.5	1610812.5	590482.5	1611322.5	590482.5	1611367.5	590512.5	1611862.5
588832.5	1611352.5	588562.5	1610857.5
588412.5	1611352.5	588277.5	1611067.5
589267.5	1611397.5	589237.5	1610977.5
589237.5	1611472.5	588982.5	1611067.5
588562.5	1611502.5	588472.5	1611187.5
589537.5	1611547.5	589432.5	1611037.5
589567.5	1611637.5	589402.5	1611097.5
590002.5	1611652.5	589987.5	1611337.5
589747.5	1611652.5	589717.5	1611352.5
589777.5	1611757.5	589777.5	1611157.5
589057.5	1611607.5	589057.5	1611757.5	589057.5	1611802.5	589087.5	1611937.5
590212.5	1611922.5	590272.5	1611502.5
590362.5	1611967.5	590347.5	1611667.5
589447.5	1611982.5	589342.5	1611622.5
589912.5	1611997.5	590092.5	1611682.5
